1;50;False;126;0;0.0;0;8233;1610;5.1;SCORE
2;85;True;127;1;50.0;1;17077;2262;7.5;VALID
3;77;True;128;2;66.7;1;25896;3166;8.2;VALID
4;82;True;129;3;75.0;2;34678;3647;9.5;VALID
5;75;True;130;4;80.0;2;45292;4346;10.4;VALID
6;84;True;131;5;83.3;3;56016;4679;12.0;VALID
7;0;False;131;5;71.4;3;56016;4679;12.0;SCORE
8;55;False;131;5;62.5;3;56016;4679;12.0;SCORE
9;85;True;132;6;66.7;4;64139;5062;12.7;VALID
10;74;True;133;7;70.0;4;72641;5153;14.1;VALID
11;62;False;133;7;63.6;4;72641;5153;14.1;SCORE
12;68;False;133;7;58.3;4;72641;5153;14.1;SCORE
13;35;False;133;7;53.8;4;72641;5153;14.1;SCORE
14;82;True;134;8;57.1;5;83691;5313;15.8;VALID
15;40;False;134;8;53.3;5;83691;5313;15.8;SCORE
16;40;False;134;8;50.0;5;83691;5313;15.8;SCORE
17;65;False;134;8;47.1;5;83691;5313;15.8;SCORE
18;60;False;134;8;44.4;5;83691;5313;15.8;SCORE
19;87;True;135;9;47.4;6;93229;5592;16.7;VALID
20;62;False;135;9;45.0;6;93229;5592;16.7;SCORE
21;65;False;135;9;42.9;6;93229;5592;16.7;SCORE
22;85;True;136;10;45.5;7;103254;5775;17.9;VALID
23;78;True;137;11;47.8;7;112765;5913;19.1;VALID
24;80;True;138;12;50.0;8;123064;6058;20.3;VALID
25;68;False;138;12;48.0;8;123064;6058;20.3;SCORE
26;75;True;139;13;50.0;8;133382;6218;21.5;VALID
27;62;False;139;13;48.1;8;133382;6218;21.5;SCORE
28;75;True;140;14;50.0;8;143028;6237;22.9;VALID
29;78;True;141;15;51.7;8;153378;6243;24.6;VALID
30;0;False;141;15;50.0;8;153378;6243;24.6;SCORE
31;85;True;142;16;51.6;9;162531;6258;26.0;VALID
32;65;False;142;16;50.0;9;162531;6258;26.0;SCORE
33;78;True;143;17;51.5;9;171431;6278;27.3;VALID
34;55;False;143;17;50.0;9;171431;6278;27.3;SCORE
35;75;True;144;18;51.4;9;183029;6355;28.8;VALID
36;75;True;145;19;52.8;9;192120;6413;30.0;VALID
37;70;True;146;20;54.1;9;201047;6466;31.1;VALID
38;75;True;147;21;55.3;9;209840;6466;32.5;VALID
39;65;False;147;21;53.8;9;209840;6466;32.5;SCORE
40;80;True;148;22;55.0;10;218550;6487;33.7;VALID
41;45;False;148;22;53.7;10;218550;6487;33.7;SCORE
42;65;False;148;22;52.4;10;218550;6487;33.7;SCORE
43;75;True;149;23;53.5;10;228334;6494;35.2;VALID
44;65;False;149;23;52.3;10;228334;6494;35.2;SCORE
45;45;False;149;23;51.1;10;228334;6494;35.2;SCORE
46;65;False;149;23;50.0;10;228334;6494;35.2;SCORE
47;74;True;150;24;51.1;10;237541;6494;36.6;VALID
48;65;False;150;24;50.0;10;237541;6494;36.6;SCORE
49;70;True;151;25;51.0;10;247309;6494;38.1;VALID
50;72;True;152;26;52.0;10;256338;6502;39.4;VALID
51;73;True;153;27;52.9;10;265641;6509;40.8;VALID
52;50;False;153;27;51.9;10;265641;6509;40.8;SCORE
53;40;False;153;27;50.9;10;265641;6509;40.8;SCORE
54;62;False;153;27;50.0;10;265641;6509;40.8;SCORE
55;60;False;153;27;49.1;10;265641;6509;40.8;SCORE
56;50;False;153;27;48.2;10;265641;6509;40.8;SCORE
57;85;True;154;28;49.1;11;275445;6533;42.2;VALID
58;35;False;154;28;48.3;11;275445;6533;42.2;SCORE
59;25;False;154;28;47.5;11;275445;6533;42.2;SCORE
60;65;False;154;28;46.7;11;275445;6533;42.2;SCORE
61;68;False;154;28;45.9;11;275445;6533;42.2;SCORE
62;85;True;155;29;46.8;12;282971;6541;43.3;VALID
63;45;False;155;29;46.0;12;282971;6541;43.3;SCORE
64;67;False;155;29;45.3;12;282971;6541;43.3;SCORE
65;55;False;155;29;44.6;12;282971;6541;43.3;SCORE
66;40;False;155;29;43.9;12;282971;6541;43.3;SCORE
67;62;False;155;29;43.3;12;282971;6541;43.3;SCORE
68;82;True;156;30;44.1;13;291460;6558;44.4;VALID
69;80;True;157;31;44.9;14;299614;6561;45.7;VALID
70;57;False;157;31;44.3;14;299614;6561;45.7;SCORE
71;50;False;157;31;43.7;14;299614;6561;45.7;SCORE
72;40;False;157;31;43.1;14;299614;6561;45.7;SCORE
73;70;True;158;32;43.8;14;307168;6563;46.8;VALID
74;65;False;158;32;43.2;14;307168;6563;46.8;SCORE
75;70;True;159;33;44.0;14;317987;6563;48.5;VALID
76;23;False;159;33;43.4;14;317987;6563;48.5;SCORE
77;60;False;159;33;42.9;14;317987;6563;48.5;SCORE
78;83;True;160;34;43.6;15;328863;6567;50.1;VALID
79;35;False;160;34;43.0;15;328863;6567;50.1;SCORE
80;60;False;160;34;42.5;15;328863;6567;50.1;SCORE
81;25;False;160;34;42.0;15;328863;6567;50.1;SCORE
82;84;True;161;35;42.7;16;338475;6619;51.1;VALID
83;80;True;162;36;43.4;17;348959;6620;52.7;VALID
84;40;False;162;36;42.9;17;348959;6620;52.7;SCORE
85;70;True;163;37;43.5;17;357602;6620;54.0;VALID
86;75;True;164;38;44.2;17;366867;6620;55.4;VALID
87;75;True;165;39;44.8;17;376442;6620;56.9;VALID
88;67;False;165;39;44.3;17;376442;6620;56.9;SCORE
89;60;False;165;39;43.8;17;376442;6620;56.9;SCORE
90;62;False;165;39;43.3;17;376442;6620;56.9;SCORE
91;73;True;166;40;44.0;17;384638;6624;58.1;VALID
92;30;False;166;40;43.5;17;384638;6624;58.1;SCORE
93;55;False;166;40;43.0;17;384638;6624;58.1;SCORE
94;72;True;167;41;43.6;17;393710;6658;59.1;VALID
95;0;False;167;41;43.2;17;393710;6658;59.1;SCORE
96;63;False;167;41;42.7;17;393710;6658;59.1;SCORE
97;62;False;167;41;42.3;17;393710;6658;59.1;SCORE
98;30;False;167;41;41.8;17;393710;6658;59.1;SCORE
99;75;True;168;42;42.4;17;402622;6671;60.4;VALID
100;55;False;168;42;42.0;17;402622;6671;60.4;SCORE
101;20;False;168;42;41.6;17;402622;6671;60.4;SCORE
102;73;True;169;43;42.2;17;411815;6675;61.7;VALID
103;45;False;169;43;41.7;17;411815;6675;61.7;SCORE
104;75;True;170;44;42.3;17;421073;6679;63.0;VALID
105;15;False;170;44;41.9;17;421073;6679;63.0;SCORE
106;52;False;170;44;41.5;17;421073;6679;63.0;SCORE
107;0;False;170;44;41.1;17;421073;6679;63.0;SCORE
108;30;False;170;44;40.7;17;421073;6679;63.0;SCORE
109;65;False;170;44;40.4;17;421073;6679;63.0;SCORE
110;35;False;170;44;40.0;17;421073;6679;63.0;SCORE
111;62;False;170;44;39.6;17;421073;6679;63.0;SCORE
112;72;True;171;45;40.2;17;429822;6679;64.4;VALID
113;83;True;172;46;40.7;18;438728;6685;65.6;VALID
114;35;False;172;46;40.4;18;438728;6685;65.6;SCORE
115;40;False;172;46;40.0;18;438728;6685;65.6;SCORE
116;50;False;172;46;39.7;18;438728;6685;65.6;SCORE
117;65;False;172;46;39.3;18;438728;6685;65.6;SCORE
118;85;True;173;47;39.8;19;446845;6693;66.8;VALID
119;85;True;174;48;40.3;20;456872;6703;68.2;VALID
120;55;False;174;48;40.0;20;456872;6703;68.2;SCORE
121;50;False;174;48;39.7;20;456872;6703;68.2;SCORE
122;55;False;174;48;39.3;20;456872;6703;68.2;SCORE
123;40;False;174;48;39.0;20;456872;6703;68.2;SCORE
124;65;False;174;48;38.7;20;456872;6703;68.2;SCORE
125;25;False;174;48;38.4;20;456872;6703;68.2;SCORE
126;20;False;174;48;38.1;20;456872;6703;68.2;SCORE
127;75;True;175;49;38.6;20;465627;6703;69.5;VALID
128;65;False;175;49;38.3;20;465627;6703;69.5;SCORE
129;30;False;175;49;38.0;20;465627;6703;69.5;SCORE
130;80;True;176;50;38.5;21;473831;6703;70.7;VALID
131;0;False;176;50;38.2;21;473831;6703;70.7;SCORE
132;40;False;176;50;37.9;21;473831;6703;70.7;SCORE
133;40;False;176;50;37.6;21;473831;6703;70.7;SCORE
134;60;False;176;50;37.3;21;473831;6703;70.7;SCORE
135;55;False;176;50;37.0;21;473831;6703;70.7;SCORE
136;60;False;176;50;36.8;21;473831;6703;70.7;SCORE
137;35;False;176;50;36.5;21;473831;6703;70.7;SCORE
138;78;True;177;51;37.0;21;482577;6722;71.8;VALID
139;63;False;177;51;36.7;21;482577;6722;71.8;SCORE
140;50;False;177;51;36.4;21;482577;6722;71.8;SCORE
141;80;True;178;52;36.9;22;492947;6722;73.3;VALID
142;45;False;178;52;36.6;22;492947;6722;73.3;SCORE
143;95;True;179;53;37.1;23;501478;6723;74.6;VALID
144;65;False;179;53;36.8;23;501478;6723;74.6;SCORE
145;78;True;180;54;37.2;23;509795;6728;75.8;VALID
146;73;True;181;55;37.7;23;519430;6728;77.2;VALID
147;62;False;181;55;37.4;23;519430;6728;77.2;SCORE
148;80;True;182;56;37.8;24;527402;6730;78.4;VALID
149;15;False;182;56;37.6;24;527402;6730;78.4;SCORE
150;87;True;183;57;38.0;25;539152;6730;80.1;VALID
151;75;True;184;58;38.4;25;548095;6730;81.4;VALID
152;73;True;185;59;38.8;25;557145;6731;82.8;VALID
153;68;False;185;59;38.6;25;557145;6731;82.8;SCORE
154;75;True;186;60;39.0;25;564986;6734;83.9;VALID
155;70;True;187;61;39.4;25;574539;6739;85.3;VALID
156;75;True;188;62;39.7;25;582992;6739;86.5;VALID
157;65;False;188;62;39.5;25;582992;6739;86.5;SCORE
158;45;False;188;62;39.2;25;582992;6739;86.5;SCORE
159;65;False;188;62;39.0;25;582992;6739;86.5;SCORE
160;30;False;188;62;38.8;25;582992;6739;86.5;SCORE
161;55;False;188;62;38.5;25;582992;6739;86.5;SCORE
162;84;True;189;63;38.9;26;591850;6740;87.8;VALID
163;63;False;189;63;38.7;26;591850;6740;87.8;SCORE
164;75;True;190;64;39.0;26;600122;6744;89.0;VALID
165;42;False;190;64;38.8;26;600122;6744;89.0;SCORE
166;55;False;190;64;38.6;26;600122;6744;89.0;SCORE
167;70;True;191;65;38.9;26;607731;6753;90.0;VALID
168;30;False;191;65;38.7;26;607731;6753;90.0;SCORE
169;50;False;191;65;38.5;26;607731;6753;90.0;SCORE
170;43;False;191;65;38.2;26;607731;6753;90.0;SCORE
171;45;False;191;65;38.0;26;607731;6753;90.0;SCORE
172;45;False;191;65;37.8;26;607731;6753;90.0;SCORE
173;0;False;191;65;37.6;26;607731;6753;90.0;SCORE
174;75;True;192;66;37.9;26;616491;6753;91.3;VALID
175;40;False;192;66;37.7;26;616491;6753;91.3;SCORE
176;40;False;192;66;37.5;26;616491;6753;91.3;SCORE
177;0;False;192;66;37.3;26;616491;6753;91.3;SCORE
178;70;True;193;67;37.6;26;626064;6754;92.7;VALID
179;60;False;193;67;37.4;26;626064;6754;92.7;SCORE
180;70;True;194;68;37.8;26;635553;6755;94.1;VALID
181;20;False;194;68;37.6;26;635553;6755;94.1;SCORE
182;35;False;194;68;37.4;26;635553;6755;94.1;SCORE
183;65;False;194;68;37.2;26;635553;6755;94.1;SCORE
184;20;False;194;68;37.0;26;635553;6755;94.1;SCORE
185;78;True;195;69;37.3;26;643220;6760;95.2;VALID
186;58;False;195;69;37.1;26;643220;6760;95.2;SCORE
187;0;False;195;69;36.9;26;643220;6760;95.2;SCORE
188;45;False;195;69;36.7;26;643220;6760;95.2;SCORE
189;55;False;195;69;36.5;26;643220;6760;95.2;SCORE
190;60;False;195;69;36.3;26;643220;6760;95.2;SCORE
191;75;True;196;70;36.6;26;652618;6765;96.5;VALID
192;35;False;196;70;36.5;26;652618;6765;96.5;SCORE
193;60;False;196;70;36.3;26;652618;6765;96.5;SCORE
194;65;False;196;70;36.1;26;652618;6765;96.5;SCORE
195;60;False;196;70;35.9;26;652618;6765;96.5;SCORE
196;67;False;196;70;35.7;26;652618;6765;96.5;SCORE
197;65;False;196;70;35.5;26;652618;6765;96.5;SCORE
198;60;False;196;70;35.4;26;652618;6765;96.5;SCORE
199;35;False;196;70;35.2;26;652618;6765;96.5;SCORE
200;58;False;196;70;35.0;26;652618;6765;96.5;SCORE
201;55;False;196;70;34.8;26;652618;6765;96.5;SCORE
202;73;True;197;71;35.1;26;661315;6768;97.7;VALID
203;50;False;197;71;35.0;26;661315;6768;97.7;SCORE
204;55;False;197;71;34.8;26;661315;6768;97.7;SCORE
205;30;False;197;71;34.6;26;661315;6768;97.7;SCORE
206;25;False;197;71;34.5;26;661315;6768;97.7;SCORE
207;48;False;197;71;34.3;26;661315;6768;97.7;SCORE
208;30;False;197;71;34.1;26;661315;6768;97.7;SCORE
209;40;False;197;71;34.0;26;661315;6768;97.7;SCORE
210;0;False;197;71;33.8;26;661315;6768;97.7;SCORE
211;65;False;197;71;33.6;26;661315;6768;97.7;SCORE
212;55;False;197;71;33.5;26;661315;6768;97.7;SCORE
213;0;False;197;71;33.3;26;661315;6768;97.7;SCORE
214;65;False;197;71;33.2;26;661315;6768;97.7;SCORE
215;60;False;197;71;33.0;26;661315;6768;97.7;SCORE
216;65;False;197;71;32.9;26;661315;6768;97.7;SCORE
217;50;False;197;71;32.7;26;661315;6768;97.7;SCORE
218;35;False;197;71;32.6;26;661315;6768;97.7;SCORE
219;68;False;197;71;32.4;26;661315;6768;97.7;SCORE
220;60;False;197;71;32.3;26;661315;6768;97.7;SCORE
221;80;True;198;72;32.6;27;670462;6770;99.0;VALID
222;50;False;198;72;32.4;27;670462;6770;99.0;SCORE
223;55;False;198;72;32.3;27;670462;6770;99.0;SCORE
224;65;False;198;72;32.1;27;670462;6770;99.0;SCORE
225;60;False;198;72;32.0;27;670462;6770;99.0;SCORE
226;60;False;198;72;31.9;27;670462;6770;99.0;SCORE
227;45;False;198;72;31.7;27;670462;6770;99.0;SCORE
228;65;False;198;72;31.6;27;670462;6770;99.0;SCORE
229;0;False;198;72;31.4;27;670462;6770;99.0;SCORE
230;75;True;199;73;31.7;27;679443;6772;100.3;VALID
231;73;True;200;74;32.0;27;688785;6776;101.7;VALID
232;75;True;201;75;32.3;27;697132;6778;102.9;VALID
233;70;True;202;76;32.6;27;706765;6778;104.3;VALID
234;25;False;202;76;32.5;27;706765;6778;104.3;SCORE
235;45;False;202;76;32.3;27;706765;6778;104.3;SCORE
236;75;True;203;77;32.6;27;715389;6783;105.5;VALID
237;30;False;203;77;32.5;27;715389;6783;105.5;SCORE
238;0;False;203;77;32.4;27;715389;6783;105.5;SCORE
239;75;True;204;78;32.6;27;725147;6785;106.9;VALID
240;25;False;204;78;32.5;27;725147;6785;106.9;SCORE
241;82;True;205;79;32.8;28;733834;6786;108.1;VALID
242;65;False;205;79;32.6;28;733834;6786;108.1;SCORE
243;42;False;205;79;32.5;28;733834;6786;108.1;SCORE
244;75;True;206;80;32.8;28;742308;6786;109.4;VALID
245;50;False;206;80;32.7;28;742308;6786;109.4;SCORE
246;88;True;207;81;32.9;29;751451;6786;110.7;VALID
247;55;False;207;81;32.8;29;751451;6786;110.7;SCORE
248;50;False;207;81;32.7;29;751451;6786;110.7;SCORE
249;62;False;207;81;32.5;29;751451;6786;110.7;SCORE
250;60;False;207;81;32.4;29;751451;6786;110.7;SCORE
251;72;True;208;82;32.7;29;759026;6786;111.9;VALID
252;78;True;209;83;32.9;29;766977;6786;113.0;VALID
253;55;False;209;83;32.8;29;766977;6786;113.0;SCORE
254;35;False;209;83;32.7;29;766977;6786;113.0;SCORE
255;73;True;210;84;32.9;29;776451;6786;114.4;VALID
256;75;True;211;85;33.2;29;785228;6797;115.5;VALID
257;70;True;212;86;33.5;29;795750;6800;117.0;VALID
258;52;False;212;86;33.3;29;795750;6800;117.0;SCORE
259;52;False;212;86;33.2;29;795750;6800;117.0;SCORE
260;35;False;212;86;33.1;29;795750;6800;117.0;SCORE
261;65;False;212;86;33.0;29;795750;6800;117.0;SCORE
262;70;True;213;87;33.2;29;804523;6803;118.3;VALID
263;30;False;213;87;33.1;29;804523;6803;118.3;SCORE
264;72;True;214;88;33.3;29;813232;6805;119.5;VALID
265;12;False;214;88;33.2;29;813232;6805;119.5;SCORE
266;60;False;214;88;33.1;29;813232;6805;119.5;SCORE
267;30;False;214;88;33.0;29;813232;6805;119.5;SCORE
268;65;False;214;88;32.8;29;813232;6805;119.5;SCORE
269;72;True;215;89;33.1;29;822088;6808;120.8;VALID
270;32;False;215;89;33.0;29;822088;6808;120.8;SCORE
271;50;False;215;89;32.8;29;822088;6808;120.8;SCORE
272;30;False;215;89;32.7;29;822088;6808;120.8;SCORE
273;55;False;215;89;32.6;29;822088;6808;120.8;SCORE
274;35;False;215;89;32.5;29;822088;6808;120.8;SCORE
275;45;False;215;89;32.4;29;822088;6808;120.8;SCORE
276;30;False;215;89;32.2;29;822088;6808;120.8;SCORE
277;62;False;215;89;32.1;29;822088;6808;120.8;SCORE
278;35;False;215;89;32.0;29;822088;6808;120.8;SCORE
279;75;True;216;90;32.3;29;830086;6813;121.8;VALID
280;62;False;216;90;32.1;29;830086;6813;121.8;SCORE
281;0;False;216;90;32.0;29;830086;6813;121.8;SCORE
282;23;False;216;90;31.9;29;830086;6813;121.8;SCORE
283;55;False;216;90;31.8;29;830086;6813;121.8;SCORE
284;0;False;216;90;31.7;29;830086;6813;121.8;SCORE
285;70;True;217;91;31.9;29;837270;6815;122.9;VALID
286;30;False;217;91;31.8;29;837270;6815;122.9;SCORE
287;30;False;217;91;31.7;29;837270;6815;122.9;SCORE
288;68;False;217;91;31.6;29;837270;6815;122.9;SCORE
289;20;False;217;91;31.5;29;837270;6815;122.9;SCORE
290;25;False;217;91;31.4;29;837270;6815;122.9;SCORE
291;40;False;217;91;31.3;29;837270;6815;122.9;SCORE
292;38;False;217;91;31.2;29;837270;6815;122.9;SCORE
293;55;False;217;91;31.1;29;837270;6815;122.9;SCORE
294;50;False;217;91;31.0;29;837270;6815;122.9;SCORE
295;78;True;218;92;31.2;29;846474;6817;124.2;VALID
296;20;False;218;92;31.1;29;846474;6817;124.2;SCORE
297;40;False;218;92;31.0;29;846474;6817;124.2;SCORE
298;40;False;218;92;30.9;29;846474;6817;124.2;SCORE
299;65;False;218;92;30.8;29;846474;6817;124.2;SCORE
300;15;False;218;92;30.7;29;846474;6817;124.2;SCORE
301;30;False;218;92;30.6;29;846474;6817;124.2;SCORE
302;65;False;218;92;30.5;29;846474;6817;124.2;SCORE
303;75;True;219;93;30.7;29;855923;6820;125.5;VALID
304;45;False;219;93;30.6;29;855923;6820;125.5;SCORE
305;0;False;219;93;30.5;29;855923;6820;125.5;SCORE
306;60;False;219;93;30.4;29;855923;6820;125.5;SCORE
307;60;False;219;93;30.3;29;855923;6820;125.5;SCORE
308;0;False;219;93;30.2;29;855923;6820;125.5;SCORE
309;0;False;219;93;30.1;29;855923;6820;125.5;SCORE
310;78;True;220;94;30.3;29;864744;6820;126.8;VALID
311;85;True;221;95;30.5;30;873066;6820;128.0;VALID
312;65;False;221;95;30.4;30;873066;6820;128.0;SCORE
313;35;False;221;95;30.4;30;873066;6820;128.0;SCORE
314;85;True;222;96;30.6;31;882971;6821;129.4;VALID
315;40;False;222;96;30.5;31;882971;6821;129.4;SCORE
316;60;False;222;96;30.4;31;882971;6821;129.4;SCORE
317;78;True;223;97;30.6;31;892885;6821;130.9;VALID
318;60;False;223;97;30.5;31;892885;6821;130.9;SCORE
319;0;False;223;97;30.4;31;892885;6821;130.9;SCORE
320;50;False;223;97;30.3;31;892885;6821;130.9;SCORE
321;60;False;223;97;30.2;31;892885;6821;130.9;SCORE
322;67;False;223;97;30.1;31;892885;6821;130.9;SCORE
323;70;True;224;98;30.3;31;902077;6821;132.2;VALID
324;62;False;224;98;30.2;31;902077;6821;132.2;SCORE
325;75;True;225;99;30.5;31;911096;6821;133.6;VALID
326;50;False;225;99;30.4;31;911096;6821;133.6;SCORE
327;0;False;225;99;30.3;31;911096;6821;133.6;SCORE
328;45;False;225;99;30.2;31;911096;6821;133.6;SCORE
329;50;False;225;99;30.1;31;911096;6821;133.6;SCORE
330;0;False;225;99;30.0;31;911096;6821;133.6;SCORE
331;75;True;226;100;30.2;31;921137;6821;135.0;VALID
332;35;False;226;100;30.1;31;921137;6821;135.0;SCORE
333;55;False;226;100;30.0;31;921137;6821;135.0;SCORE
334;35;False;226;100;29.9;31;921137;6821;135.0;SCORE
335;20;False;226;100;29.9;31;921137;6821;135.0;SCORE
336;30;False;226;100;29.8;31;921137;6821;135.0;SCORE
337;35;False;226;100;29.7;31;921137;6821;135.0;SCORE
338;65;False;226;100;29.6;31;921137;6821;135.0;SCORE
339;55;False;226;100;29.5;31;921137;6821;135.0;SCORE
340;20;False;226;100;29.4;31;921137;6821;135.0;SCORE
341;50;False;226;100;29.3;31;921137;6821;135.0;SCORE
342;25;False;226;100;29.2;31;921137;6821;135.0;SCORE
343;60;False;226;100;29.2;31;921137;6821;135.0;SCORE
344;40;False;226;100;29.1;31;921137;6821;135.0;SCORE
345;70;True;227;101;29.3;31;928419;6821;136.1;VALID
346;40;False;227;101;29.2;31;928419;6821;136.1;SCORE
347;0;False;227;101;29.1;31;928419;6821;136.1;SCORE
348;60;False;227;101;29.0;31;928419;6821;136.1;SCORE
349;50;False;227;101;28.9;31;928419;6821;136.1;SCORE
350;40;False;227;101;28.9;31;928419;6821;136.1;SCORE
351;60;False;227;101;28.8;31;928419;6821;136.1;SCORE
352;50;False;227;101;28.7;31;928419;6821;136.1;SCORE
353;60;False;227;101;28.6;31;928419;6821;136.1;SCORE
354;55;False;227;101;28.5;31;928419;6821;136.1;SCORE
355;0;False;227;101;28.5;31;928419;6821;136.1;SCORE
356;30;False;227;101;28.4;31;928419;6821;136.1;SCORE
357;15;False;227;101;28.3;31;928419;6821;136.1;SCORE
358;30;False;227;101;28.2;31;928419;6821;136.1;SCORE
359;40;False;227;101;28.1;31;928419;6821;136.1;SCORE
360;0;False;227;101;28.1;31;928419;6821;136.1;SCORE
361;35;False;227;101;28.0;31;928419;6821;136.1;SCORE
362;30;False;227;101;27.9;31;928419;6821;136.1;SCORE
363;20;False;227;101;27.8;31;928419;6821;136.1;SCORE
364;60;False;227;101;27.7;31;928419;6821;136.1;SCORE
365;65;False;227;101;27.7;31;928419;6821;136.1;SCORE
366;65;False;227;101;27.6;31;928419;6821;136.1;SCORE
367;75;True;228;102;27.8;31;939262;6830;137.5;VALID
368;52;False;228;102;27.7;31;939262;6830;137.5;SCORE
369;83;True;229;103;27.9;32;947945;6830;138.8;VALID
370;30;False;229;103;27.8;32;947945;6830;138.8;SCORE
371;40;False;229;103;27.8;32;947945;6830;138.8;SCORE
372;40;False;229;103;27.7;32;947945;6830;138.8;SCORE
373;65;False;229;103;27.6;32;947945;6830;138.8;SCORE
374;35;False;229;103;27.5;32;947945;6830;138.8;SCORE
375;60;False;229;103;27.5;32;947945;6830;138.8;SCORE
376;50;False;229;103;27.4;32;947945;6830;138.8;SCORE
377;35;False;229;103;27.3;32;947945;6830;138.8;SCORE
378;50;False;229;103;27.2;32;947945;6830;138.8;SCORE
379;25;False;229;103;27.2;32;947945;6830;138.8;SCORE
380;60;False;229;103;27.1;32;947945;6830;138.8;SCORE
381;60;False;229;103;27.0;32;947945;6830;138.8;SCORE
382;25;False;229;103;27.0;32;947945;6830;138.8;SCORE
383;35;False;229;103;26.9;32;947945;6830;138.8;SCORE
384;65;False;229;103;26.8;32;947945;6830;138.8;SCORE
385;25;False;229;103;26.8;32;947945;6830;138.8;SCORE
386;0;False;229;103;26.7;32;947945;6830;138.8;SCORE
387;65;False;229;103;26.6;32;947945;6830;138.8;SCORE
388;60;False;229;103;26.5;32;947945;6830;138.8;SCORE
389;60;False;229;103;26.5;32;947945;6830;138.8;SCORE
390;50;False;229;103;26.4;32;947945;6830;138.8;SCORE
391;78;True;230;104;26.6;32;956591;6831;140.0;VALID
392;80;True;231;105;26.8;33;965571;6832;141.3;VALID
393;50;False;231;105;26.7;33;965571;6832;141.3;SCORE
394;35;False;231;105;26.6;33;965571;6832;141.3;SCORE
395;50;False;231;105;26.6;33;965571;6832;141.3;SCORE
396;42;False;231;105;26.5;33;965571;6832;141.3;SCORE
397;52;False;231;105;26.4;33;965571;6832;141.3;SCORE
398;0;False;231;105;26.4;33;965571;6832;141.3;SCORE
399;30;False;231;105;26.3;33;965571;6832;141.3;SCORE
400;55;False;231;105;26.2;33;965571;6832;141.3;SCORE
401;55;False;231;105;26.2;33;965571;6832;141.3;SCORE
402;40;False;231;105;26.1;33;965571;6832;141.3;SCORE
403;35;False;231;105;26.1;33;965571;6832;141.3;SCORE
404;45;False;231;105;26.0;33;965571;6832;141.3;SCORE
405;0;False;231;105;25.9;33;965571;6832;141.3;SCORE
406;85;True;232;106;26.1;34;975555;6833;142.8;VALID
407;65;False;232;106;26.0;34;975555;6833;142.8;SCORE
408;85;True;233;107;26.2;35;984233;6833;144.0;VALID
409;60;False;233;107;26.2;35;984233;6833;144.0;SCORE
410;60;False;233;107;26.1;35;984233;6833;144.0;SCORE
411;82;True;234;108;26.3;36;992748;6833;145.3;VALID
412;72;True;235;109;26.5;36;1002472;6833;146.7;VALID
413;75;True;236;110;26.6;36;1010692;6833;147.9;VALID
414;30;False;236;110;26.6;36;1010692;6833;147.9;SCORE
415;20;False;236;110;26.5;36;1010692;6833;147.9;SCORE
416;40;False;236;110;26.4;36;1010692;6833;147.9;SCORE
417;85;True;237;111;26.6;37;1020680;6833;149.4;VALID
418;65;False;237;111;26.6;37;1020680;6833;149.4;SCORE
419;55;False;237;111;26.5;37;1020680;6833;149.4;SCORE
420;12;False;237;111;26.4;37;1020680;6833;149.4;SCORE
421;55;False;237;111;26.4;37;1020680;6833;149.4;SCORE
422;72;True;238;112;26.5;37;1028385;6833;150.5;VALID
423;67;False;238;112;26.5;37;1028385;6833;150.5;SCORE
424;65;False;238;112;26.4;37;1028385;6833;150.5;SCORE
425;30;False;238;112;26.4;37;1028385;6833;150.5;SCORE
426;70;True;239;113;26.5;37;1038200;6839;151.8;VALID
427;83;True;240;114;26.7;38;1046190;6844;152.9;VALID
428;35;False;240;114;26.6;38;1046190;6844;152.9;SCORE
429;60;False;240;114;26.6;38;1046190;6844;152.9;SCORE
430;35;False;240;114;26.5;38;1046190;6844;152.9;SCORE
431;50;False;240;114;26.5;38;1046190;6844;152.9;SCORE
432;50;False;240;114;26.4;38;1046190;6844;152.9;SCORE
433;25;False;240;114;26.3;38;1046190;6844;152.9;SCORE
434;35;False;240;114;26.3;38;1046190;6844;152.9;SCORE
435;50;False;240;114;26.2;38;1046190;6844;152.9;SCORE
436;35;False;240;114;26.1;38;1046190;6844;152.9;SCORE
437;0;False;240;114;26.1;38;1046190;6844;152.9;SCORE
438;50;False;240;114;26.0;38;1046190;6844;152.9;SCORE
439;50;False;240;114;26.0;38;1046190;6844;152.9;SCORE
440;60;False;240;114;25.9;38;1046190;6844;152.9;SCORE
441;40;False;240;114;25.9;38;1046190;6844;152.9;SCORE
442;50;False;240;114;25.8;38;1046190;6844;152.9;SCORE
443;25;False;240;114;25.7;38;1046190;6844;152.9;SCORE
444;40;False;240;114;25.7;38;1046190;6844;152.9;SCORE
445;40;False;240;114;25.6;38;1046190;6844;152.9;SCORE
446;70;True;241;115;25.8;38;1054610;6845;154.1;VALID
447;55;False;241;115;25.7;38;1054610;6845;154.1;SCORE
448;45;False;241;115;25.7;38;1054610;6845;154.1;SCORE
449;42;False;241;115;25.6;38;1054610;6845;154.1;SCORE
450;30;False;241;115;25.6;38;1054610;6845;154.1;SCORE
451;40;False;241;115;25.5;38;1054610;6845;154.1;SCORE
452;40;False;241;115;25.4;38;1054610;6845;154.1;SCORE
453;60;False;241;115;25.4;38;1054610;6845;154.1;SCORE
454;0;False;241;115;25.3;38;1054610;6845;154.1;SCORE
455;35;False;241;115;25.3;38;1054610;6845;154.1;SCORE
456;45;False;241;115;25.2;38;1054610;6845;154.1;SCORE
457;60;False;241;115;25.2;38;1054610;6845;154.1;SCORE
458;50;False;241;115;25.1;38;1054610;6845;154.1;SCORE
459;40;False;241;115;25.1;38;1054610;6845;154.1;SCORE
460;0;False;241;115;25.0;38;1054610;6845;154.1;SCORE
461;60;False;241;115;24.9;38;1054610;6845;154.1;SCORE
462;40;False;241;115;24.9;38;1054610;6845;154.1;SCORE
463;70;True;242;116;25.1;38;1063983;6845;155.4;VALID
464;67;False;242;116;25.0;38;1063983;6845;155.4;SCORE
465;65;False;242;116;24.9;38;1063983;6845;155.4;SCORE
466;58;False;242;116;24.9;38;1063983;6845;155.4;SCORE
467;65;False;242;116;24.8;38;1063983;6845;155.4;SCORE
468;58;False;242;116;24.8;38;1063983;6845;155.4;SCORE
469;60;False;242;116;24.7;38;1063983;6845;155.4;SCORE
470;83;True;243;117;24.9;39;1072988;6845;156.8;VALID
471;35;False;243;117;24.8;39;1072988;6845;156.8;SCORE
472;78;True;244;118;25.0;39;1082528;6848;158.1;VALID
473;25;False;244;118;24.9;39;1082528;6848;158.1;SCORE
474;0;False;244;118;24.9;39;1082528;6848;158.1;SCORE
475;20;False;244;118;24.8;39;1082528;6848;158.1;SCORE
476;30;False;244;118;24.8;39;1082528;6848;158.1;SCORE
477;35;False;244;118;24.7;39;1082528;6848;158.1;SCORE
478;30;False;244;118;24.7;39;1082528;6848;158.1;SCORE
479;42;False;244;118;24.6;39;1082528;6848;158.1;SCORE
480;25;False;244;118;24.6;39;1082528;6848;158.1;SCORE
481;20;False;244;118;24.5;39;1082528;6848;158.1;SCORE
482;72;True;245;119;24.7;39;1090791;6856;159.1;VALID
483;30;False;245;119;24.6;39;1090791;6856;159.1;SCORE
484;50;False;245;119;24.6;39;1090791;6856;159.1;SCORE
485;45;False;245;119;24.5;39;1090791;6856;159.1;SCORE
486;30;False;245;119;24.5;39;1090791;6856;159.1;SCORE
487;45;False;245;119;24.4;39;1090791;6856;159.1;SCORE
488;30;False;245;119;24.4;39;1090791;6856;159.1;SCORE
489;42;False;245;119;24.3;39;1090791;6856;159.1;SCORE
490;85;True;246;120;24.5;40;1099597;6856;160.4;VALID
491;55;False;246;120;24.4;40;1099597;6856;160.4;SCORE
492;60;False;246;120;24.4;40;1099597;6856;160.4;SCORE
493;68;False;246;120;24.3;40;1099597;6856;160.4;SCORE
494;30;False;246;120;24.3;40;1099597;6856;160.4;SCORE
495;25;False;246;120;24.2;40;1099597;6856;160.4;SCORE
496;60;False;246;120;24.2;40;1099597;6856;160.4;SCORE
497;30;False;246;120;24.1;40;1099597;6856;160.4;SCORE
498;40;False;246;120;24.1;40;1099597;6856;160.4;SCORE
499;25;False;246;120;24.0;40;1099597;6856;160.4;SCORE
500;30;False;246;120;24.0;40;1099597;6856;160.4;SCORE
