1;90;True;21;1;100.0;0;9760;690;14.1;VALID
2;85;True;22;2;100.0;0;14860;764;19.5;VALID
3;85;True;23;3;100.0;0;20262;826;24.5;VALID
4;0;False;23;3;75.0;0;20262;826;24.5;LMM
5;75;False;23;3;60.0;0;20262;826;24.5;SCORE
6;0;False;23;3;50.0;0;20262;826;24.5;LMM
7;0;False;23;3;42.9;0;20262;826;24.5;LMM
8;85;True;24;4;50.0;0;25367;894;28.4;VALID
9;0;False;24;4;44.4;0;25367;894;28.4;LMM
10;85;True;25;5;50.0;0;30603;1076;28.4;VALID
11;95;True;26;6;54.5;1;35653;1185;30.1;VALID
12;0;False;26;6;50.0;1;35653;1185;30.1;LMM
13;92;True;27;7;53.8;2;40318;1236;32.6;VALID
14;0;False;27;7;50.0;2;40318;1236;32.6;LMM
15;75;False;27;7;46.7;2;40318;1236;32.6;SCORE
16;0;False;27;7;43.8;2;40318;1236;32.6;LMM
17;85;True;28;8;47.1;2;45276;1270;35.7;VALID
18;0;False;28;8;44.4;2;45276;1270;35.7;LMM
19;0;False;28;8;42.1;2;45276;1270;35.7;LMM
20;87;True;29;9;45.0;2;50039;1270;39.4;VALID
21;85;True;30;10;47.6;2;55018;1270;43.3;VALID
22;78;False;30;10;45.5;2;55018;1270;43.3;SCORE
23;0;False;30;10;43.5;2;55018;1270;43.3;LMM
24;0;False;30;10;41.7;2;55018;1270;43.3;LMM
25;85;True;31;11;44.0;2;60233;1325;45.5;VALID
26;0;False;31;11;42.3;2;60233;1325;45.5;LMM
27;87;True;32;12;44.4;2;64964;1325;49.0;VALID
28;0;False;32;12;42.9;2;64964;1325;49.0;LMM
29;0;False;32;12;41.4;2;64964;1325;49.0;LMM
30;0;False;32;12;40.0;2;64964;1325;49.0;LMM
31;85;True;33;13;41.9;2;69953;1466;47.7;VALID
32;0;False;33;13;40.6;2;69953;1466;47.7;LMM
33;93;True;34;14;42.4;3;74982;1466;51.1;VALID
34;90;True;35;15;44.1;3;79942;1548;51.6;VALID
35;85;True;36;16;45.7;3;85312;1697;50.3;VALID
36;0;False;36;16;44.4;3;85312;1697;50.3;LMM
37;0;False;36;16;43.2;3;85312;1697;50.3;LMM
38;0;False;36;16;42.1;3;85312;1697;50.3;LMM
39;0;False;36;16;41.0;3;85312;1697;50.3;LMM
40;85;True;37;17;42.5;3;90911;1697;53.6;VALID
41;85;True;38;18;43.9;3;96139;1697;56.7;VALID
42;90;True;39;19;45.2;3;101276;1851;54.7;VALID
43;0;False;39;19;44.2;3;101276;1851;54.7;LMM
44;85;True;40;20;45.5;3;106025;1881;56.4;VALID
45;90;True;41;21;46.7;3;111512;2047;54.5;VALID
46;83;False;41;21;45.7;3;111512;2047;54.5;SCORE
47;88;True;42;22;46.8;3;117284;2113;55.5;VALID
48;85;True;43;23;47.9;3;122143;2113;57.8;VALID
49;85;True;44;24;49.0;3;127209;2113;60.2;VALID
50;0;False;44;24;48.0;3;127209;2113;60.2;LMM
51;85;True;45;25;49.0;3;132792;2113;62.8;VALID
52;88;True;46;26;50.0;3;138235;2219;62.3;VALID
53;95;True;47;27;50.9;4;143184;2262;63.3;VALID
54;80;False;47;27;50.0;4;143184;2262;63.3;SCORE
55;0;False;47;27;49.1;4;143184;2262;63.3;LMM
56;0;False;47;27;48.2;4;143184;2262;63.3;LMM
57;0;False;47;27;47.4;4;143184;2262;63.3;LMM
58;0;False;47;27;46.6;4;143184;2262;63.3;LMM
59;95;True;48;28;47.5;5;148425;2345;63.3;VALID
60;85;True;49;29;48.3;5;153857;2432;63.3;VALID
61;85;True;50;30;49.2;5;159649;2432;65.6;VALID
62;0;False;50;30;48.4;5;159649;2432;65.6;LMM
63;87;True;51;31;49.2;5;165339;2499;66.2;VALID
64;0;False;51;31;48.4;5;165339;2499;66.2;LMM
65;0;False;51;31;47.7;5;165339;2499;66.2;LMM
66;98;True;52;32;48.5;6;171464;2597;66.0;VALID
67;0;False;52;32;47.8;6;171464;2597;66.0;LMM
68;85;True;53;33;48.5;6;176677;2597;68.0;VALID
69;82;False;53;33;47.8;6;176677;2597;68.0;SCORE
70;80;False;53;33;47.1;6;176677;2597;68.0;SCORE
71;0;False;53;33;46.5;6;176677;2597;68.0;LMM
72;85;True;54;34;47.2;6;182291;2689;67.8;VALID
73;0;False;54;34;46.6;6;182291;2689;67.8;LMM
74;0;False;54;34;45.9;6;182291;2689;67.8;LMM
75;0;False;54;34;45.3;6;182291;2689;67.8;LMM
76;0;False;54;34;44.7;6;182291;2689;67.8;LMM
77;0;False;54;34;44.2;6;182291;2689;67.8;LMM
78;92;True;55;35;44.9;7;187656;2689;69.8;VALID
79;85;True;56;36;45.6;7;193220;2760;70.0;VALID
80;90;True;57;37;46.2;7;199406;2808;71.0;VALID
81;85;True;58;38;46.9;7;204700;2859;71.6;VALID
82;0;False;58;38;46.3;7;204700;2859;71.6;LMM
83;0;False;58;38;45.8;7;204700;2859;71.6;LMM
84;0;False;58;38;45.2;7;204700;2859;71.6;LMM
85;0;False;58;38;44.7;7;204700;2859;71.6;LMM
86;85;True;59;39;45.3;7;210300;2913;72.2;VALID
87;85;True;60;40;46.0;7;215932;2942;73.4;VALID
88;85;True;61;41;46.6;7;221288;2942;75.2;VALID
89;0;False;61;41;46.1;7;221288;2942;75.2;LMM
90;0;False;61;41;45.6;7;221288;2942;75.2;LMM
91;87;True;62;42;46.2;7;226375;2974;76.1;VALID
92;90;True;63;43;46.7;7;231416;3008;76.9;VALID
93;84;False;63;43;46.2;7;231416;3008;76.9;SCORE
94;85;True;64;44;46.8;7;237035;3094;76.6;VALID
95;85;True;65;45;47.4;7;242887;3204;75.8;VALID
96;85;True;66;46;47.9;7;248334;3204;77.5;VALID
97;0;False;66;46;47.4;7;248334;3204;77.5;LMM
98;0;False;66;46;46.9;7;248334;3204;77.5;LMM
99;82;False;66;46;46.5;7;248334;3204;77.5;SCORE
100;0;False;66;46;46.0;7;248334;3204;77.5;LMM
101;93;True;67;47;46.5;8;253529;3204;79.1;VALID
102;85;True;68;48;47.1;8;258727;3276;79.0;VALID
103;87;True;69;49;47.6;8;264529;3349;79.0;VALID
104;90;True;70;50;48.1;8;269796;3480;77.5;VALID
105;87;True;71;51;48.6;8;274971;3499;78.6;VALID
106;88;True;72;52;49.1;8;280239;3499;80.1;VALID
107;92;True;73;53;49.5;9;285712;3683;77.6;VALID
108;85;True;74;54;50.0;9;290555;3704;78.4;VALID
109;85;True;75;55;50.5;9;296236;3704;80.0;VALID
110;0;False;75;55;50.0;9;296236;3704;80.0;LMM
111;0;False;75;55;49.5;9;296236;3704;80.0;LMM
112;0;False;75;55;49.1;9;296236;3704;80.0;LMM
113;85;True;76;56;49.6;9;301122;3734;80.6;VALID
114;0;False;76;56;49.1;9;301122;3734;80.6;LMM
115;82;False;76;56;48.7;9;301122;3734;80.6;SCORE
116;0;False;76;56;48.3;9;301122;3734;80.6;LMM
117;82;False;76;56;47.9;9;301122;3734;80.6;SCORE
118;0;False;76;56;47.5;9;301122;3734;80.6;LMM
119;0;False;76;56;47.1;9;301122;3734;80.6;LMM
120;0;False;76;56;46.7;9;301122;3734;80.6;LMM
121;83;False;76;56;46.3;9;301122;3734;80.6;SCORE
122;85;True;77;57;46.7;9;306687;3734;82.1;VALID
123;85;True;78;58;47.2;9;312156;3778;82.6;VALID
124;0;False;78;58;46.8;9;312156;3778;82.6;LMM
125;83;False;78;58;46.4;9;312156;3778;82.6;SCORE
126;90;True;79;59;46.8;9;317332;3843;82.6;VALID
127;88;True;80;60;47.2;9;322664;3843;84.0;VALID
128;0;False;80;60;46.9;9;322664;3843;84.0;LMM
129;88;True;81;61;47.3;9;327872;3843;85.3;VALID
130;95;True;82;62;47.7;10;333717;3843;86.8;VALID
131;82;False;82;62;47.3;10;333717;3843;86.8;SCORE
132;88;True;83;63;47.7;10;339182;3957;85.7;VALID
133;88;True;84;64;48.1;10;344544;3957;87.1;VALID
134;85;True;85;65;48.5;10;349943;3957;88.4;VALID
135;85;True;86;66;48.9;10;355117;3995;88.9;VALID
136;92;True;87;67;49.3;11;360582;3995;90.3;VALID
137;0;False;87;67;48.9;11;360582;3995;90.3;LMM
138;0;False;87;67;48.6;11;360582;3995;90.3;LMM
139;85;True;88;68;48.9;11;365832;4093;89.4;VALID
140;0;False;88;68;48.6;11;365832;4093;89.4;LMM
141;0;False;88;68;48.2;11;365832;4093;89.4;LMM
142;85;True;89;69;48.6;11;371309;4212;88.2;VALID
143;85;True;90;70;49.0;11;376790;4263;88.4;VALID
144;82;False;90;70;48.6;11;376790;4263;88.4;SCORE
145;0;False;90;70;48.3;11;376790;4263;88.4;LMM
146;0;False;90;70;47.9;11;376790;4263;88.4;LMM
147;92;True;91;71;48.3;12;382244;4308;88.7;VALID
148;85;True;92;72;48.6;12;387868;4308;90.0;VALID
149;85;True;93;73;49.0;12;392913;4345;90.4;VALID
150;85;True;94;74;49.3;12;398603;4345;91.7;VALID
151;87;True;95;75;49.7;12;404397;4401;91.9;VALID
152;95;True;96;76;50.0;13;410122;4444;92.3;VALID
153;0;False;96;76;49.7;13;410122;4444;92.3;LMM
154;0;False;96;76;49.4;13;410122;4444;92.3;LMM
155;0;False;96;76;49.0;13;410122;4444;92.3;LMM
156;85;True;97;77;49.4;13;416170;4521;92.1;VALID
157;0;False;97;77;49.0;13;416170;4521;92.1;LMM
158;87;True;98;78;49.4;13;421586;4545;92.8;VALID
159;95;True;99;79;49.7;14;427432;4575;93.4;VALID
160;88;True;100;80;50.0;14;433902;4575;94.8;VALID
161;80;False;100;80;49.7;14;433902;4575;94.8;SCORE
162;95;True;101;81;50.0;15;439635;4575;96.1;VALID
163;0;False;101;81;49.7;15;439635;4575;96.1;LMM
164;89;True;102;82;50.0;15;445055;4606;96.6;VALID
165;0;False;102;82;49.7;15;445055;4606;96.6;LMM
166;85;True;103;83;50.0;15;450035;4606;97.7;VALID
167;85;True;104;84;50.3;15;456022;4655;98.0;VALID
168;88;True;105;85;50.6;15;461598;4724;97.7;VALID
169;0;False;105;85;50.3;15;461598;4724;97.7;LMM
170;0;False;105;85;50.0;15;461598;4724;97.7;LMM
171;82;False;105;85;49.7;15;461598;4724;97.7;SCORE
172;86;True;106;86;50.0;15;467224;4759;98.2;VALID
173;85;True;107;87;50.3;15;472406;4775;98.9;VALID
174;86;True;108;88;50.6;15;477904;4775;100.1;VALID
175;87;True;109;89;50.9;15;482784;4807;100.4;VALID
176;88;True;110;90;51.1;15;487683;4827;101.0;VALID
177;87;True;111;91;51.4;15;493427;4864;101.4;VALID
178;90;True;112;92;51.7;15;498671;4864;102.5;VALID
179;0;False;112;92;51.4;15;498671;4864;102.5;LMM
180;0;False;112;92;51.1;15;498671;4864;102.5;LMM
181;0;False;112;92;50.8;15;498671;4864;102.5;LMM
182;85;True;113;93;51.1;15;504129;4864;103.6;VALID
183;85;True;114;94;51.4;15;509281;4864;104.7;VALID
184;0;False;114;94;51.1;15;509281;4864;104.7;LMM
185;0;False;114;94;50.8;15;509281;4864;104.7;LMM
186;0;False;114;94;50.5;15;509281;4864;104.7;LMM
187;85;True;115;95;50.8;15;515120;4876;105.6;VALID
188;85;True;116;96;51.1;15;520906;5029;103.6;VALID
189;0;False;116;96;50.8;15;520906;5029;103.6;LMM
190;0;False;116;96;50.5;15;520906;5029;103.6;LMM
191;88;True;117;97;50.8;15;526394;5098;103.3;VALID
192;0;False;117;97;50.5;15;526394;5098;103.3;LMM
193;87;True;118;98;50.8;15;532210;5098;104.4;VALID
194;90;True;119;99;51.0;15;538027;5098;105.5;VALID
195;85;True;120;100;51.3;15;543791;5098;106.7;VALID
196;88;True;121;101;51.5;15;548672;5098;107.6;VALID
197;0;False;121;101;51.3;15;548672;5098;107.6;LMM
198;82;False;121;101;51.0;15;548672;5098;107.6;SCORE
199;85;True;122;102;51.3;15;554370;5098;108.7;VALID
200;90;True;123;103;51.5;15;560643;5196;107.9;VALID
201;93;True;124;104;51.7;16;565723;5239;108.0;VALID
202;89;True;125;105;52.0;16;571012;5239;109.0;VALID
203;89;True;126;106;52.2;16;576471;5239;110.0;VALID
204;87;True;127;107;52.5;16;581542;5267;110.4;VALID
205;85;True;128;108;52.7;16;587589;5267;111.6;VALID
206;76;False;128;108;52.4;16;587589;5267;111.6;SCORE
207;0;False;128;108;52.2;16;587589;5267;111.6;LMM
208;0;False;128;108;51.9;16;587589;5267;111.6;LMM
209;0;False;128;108;51.7;16;587589;5267;111.6;LMM
210;0;False;128;108;51.4;16;587589;5267;111.6;LMM
211;88;True;129;109;51.7;16;592924;5267;112.6;VALID
212;95;True;130;110;51.9;17;598647;5304;112.9;VALID
213;87;True;131;111;52.1;17;604517;5353;112.9;VALID
214;0;False;131;111;51.9;17;604517;5353;112.9;LMM
215;0;False;131;111;51.6;17;604517;5353;112.9;LMM
216;88;True;132;112;51.9;17;610043;5353;114.0;VALID
217;83;False;132;112;51.6;17;610043;5353;114.0;SCORE
218;85;True;133;113;51.8;17;615890;5436;113.3;VALID
219;0;False;133;113;51.6;17;615890;5436;113.3;LMM
220;85;True;134;114;51.8;17;621170;5451;114.0;VALID
221;82;False;134;114;51.6;17;621170;5451;114.0;SCORE
222;85;True;135;115;51.8;17;627116;5494;114.1;VALID
223;0;False;135;115;51.6;17;627116;5494;114.1;LMM
224;0;False;135;115;51.3;17;627116;5494;114.1;LMM
225;87;True;136;116;51.6;17;631895;5513;114.6;VALID
226;85;True;137;117;51.8;17;637166;5513;115.6;VALID
227;87;True;138;118;52.0;17;642356;5513;116.5;VALID
228;0;False;138;118;51.8;17;642356;5513;116.5;LMM
229;0;False;138;118;51.5;17;642356;5513;116.5;LMM
230;85;True;139;119;51.7;17;647447;5524;117.2;VALID
231;0;False;139;119;51.5;17;647447;5524;117.2;LMM
232;0;False;139;119;51.3;17;647447;5524;117.2;LMM
233;90;True;140;120;51.5;17;653464;5524;118.3;VALID
234;0;False;140;120;51.3;17;653464;5524;118.3;LMM
235;85;True;141;121;51.5;17;659104;5545;118.9;VALID
236;92;True;142;122;51.7;18;664989;5594;118.9;VALID
237;86;True;143;123;51.9;18;670097;5594;119.8;VALID
238;0;False;143;123;51.7;18;670097;5594;119.8;LMM
239;87;True;144;124;51.9;18;675304;5616;120.2;VALID
240;95;True;145;125;52.1;19;680530;5616;121.2;VALID
241;0;False;145;125;51.9;19;680530;5616;121.2;LMM
242;0;False;145;125;51.7;19;680530;5616;121.2;LMM
243;0;False;145;125;51.4;19;680530;5616;121.2;LMM
244;0;False;145;125;51.2;19;680530;5616;121.2;LMM
245;0;False;145;125;51.0;19;680530;5616;121.2;LMM
246;0;False;145;125;50.8;19;680530;5616;121.2;LMM
247;0;False;145;125;50.6;19;680530;5616;121.2;LMM
248;95;True;146;126;50.8;20;685475;5616;122.1;VALID
249;89;True;147;127;51.0;20;691431;5681;121.7;VALID
250;0;False;147;127;50.8;20;691431;5681;121.7;LMM
251;0;False;147;127;50.6;20;691431;5681;121.7;LMM
252;85;True;148;128;50.8;20;697384;5772;120.8;VALID
253;89;True;149;129;51.0;20;702646;5785;121.5;VALID
254;95;True;150;130;51.2;21;707473;5812;121.7;VALID
255;0;False;150;130;51.0;21;707473;5812;121.7;LMM
256;85;True;151;131;51.2;21;712937;5812;122.7;VALID
257;0;False;151;131;51.0;21;712937;5812;122.7;LMM
258;85;True;152;132;51.2;21;718527;5922;121.3;VALID
259;88;True;153;133;51.4;21;724483;5966;121.4;VALID
260;86;True;154;134;51.5;21;730386;6008;121.6;VALID
261;85;True;155;135;51.7;21;735695;6021;122.2;VALID
262;88;True;156;136;51.9;21;740612;6066;122.1;VALID
263;85;True;157;137;52.1;21;746258;6143;121.5;VALID
264;88;True;158;138;52.3;21;751723;6143;122.4;VALID
265;0;False;158;138;52.1;21;751723;6143;122.4;LMM
266;87;True;159;139;52.3;21;757215;6143;123.3;VALID
267;87;True;160;140;52.4;21;762463;6143;124.1;VALID
268;87;True;161;141;52.6;21;767877;6166;124.5;VALID
269;0;False;161;141;52.4;21;767877;6166;124.5;LMM
270;82;False;161;141;52.2;21;767877;6166;124.5;SCORE
271;88;True;162;142;52.4;21;773502;6202;124.7;VALID
272;85;True;163;143;52.6;21;778853;6265;124.3;VALID
273;83;False;163;143;52.4;21;778853;6265;124.3;SCORE
274;92;True;164;144;52.6;22;784131;6265;125.2;VALID
275;85;True;165;145;52.7;22;789363;6265;126.0;VALID
276;85;True;166;146;52.9;22;794506;6307;126.0;VALID
277;85;True;167;147;53.1;22;800057;6352;126.0;VALID
278;85;True;168;148;53.2;22;805246;6352;126.8;VALID
279;0;False;168;148;53.0;22;805246;6352;126.8;LMM
280;0;False;168;148;52.9;22;805246;6352;126.8;LMM
281;87;True;169;149;53.0;22;810395;6407;126.5;VALID
282;87;True;170;150;53.2;22;816125;6448;126.6;VALID
283;88;True;171;151;53.4;22;821279;6472;126.9;VALID
284;95;True;172;152;53.5;23;827344;6472;127.8;VALID
285;82;False;172;152;53.3;23;827344;6472;127.8;SCORE
286;80;False;172;152;53.1;23;827344;6472;127.8;SCORE
287;0;False;172;152;53.0;23;827344;6472;127.8;LMM
288;85;True;173;153;53.1;23;832631;6497;128.2;VALID
289;0;False;173;153;52.9;23;832631;6497;128.2;LMM
290;85;True;174;154;53.1;23;838469;6497;129.1;VALID
291;82;False;174;154;52.9;23;838469;6497;129.1;SCORE
292;82;False;174;154;52.7;23;838469;6497;129.1;SCORE
293;90;True;175;155;52.9;23;843581;6526;129.3;VALID
294;85;True;176;156;53.1;23;849247;6526;130.1;VALID
295;0;False;176;156;52.9;23;849247;6526;130.1;LMM
296;95;True;177;157;53.0;24;855011;6583;129.9;VALID
297;93;True;178;158;53.2;25;860910;6583;130.8;VALID
298;85;True;179;159;53.4;25;866451;6615;131.0;VALID
299;88;True;180;160;53.5;25;872132;6615;131.8;VALID
300;95;True;181;161;53.7;26;877839;6615;132.7;VALID
301;0;False;181;161;53.5;26;877839;6615;132.7;LMM
302;82;False;181;161;53.3;26;877839;6615;132.7;SCORE
303;0;False;181;161;53.1;26;877839;6615;132.7;LMM
304;82;False;181;161;53.0;26;877839;6615;132.7;SCORE
305;87;True;182;162;53.1;26;883055;6647;132.9;VALID
306;85;True;183;163;53.3;26;888108;6678;133.0;VALID
307;85;True;184;164;53.4;26;892797;6689;133.5;VALID
308;85;True;185;165;53.6;26;898135;6708;133.9;VALID
309;89;True;186;166;53.7;26;903446;6708;134.7;VALID
310;87;True;187;167;53.9;26;908739;6725;135.1;VALID
311;85;True;188;168;54.0;26;914649;6725;136.0;VALID
312;0;False;188;168;53.8;26;914649;6725;136.0;LMM
313;95;True;189;169;54.0;27;920654;6852;134.4;VALID
314;90;True;190;170;54.1;27;926980;6880;134.7;VALID
315;85;True;191;171;54.3;27;932826;6908;135.0;VALID
316;88;True;192;172;54.4;27;938228;6924;135.5;VALID
317;0;False;192;172;54.3;27;938228;6924;135.5;LMM
318;0;False;192;172;54.1;27;938228;6924;135.5;LMM
319;0;False;192;172;53.9;27;938228;6924;135.5;LMM
320;82;False;192;172;53.8;27;938228;6924;135.5;SCORE
321;90;True;193;173;53.9;27;943837;6944;135.9;VALID
322;0;False;193;173;53.7;27;943837;6944;135.9;LMM
323;90;True;194;174;53.9;27;949342;6944;136.7;VALID
324;85;True;195;175;54.0;27;954356;6988;136.6;VALID
325;88;True;196;176;54.2;27;959567;7027;136.6;VALID
326;92;True;197;177;54.3;28;965436;7111;135.8;VALID
327;87;True;198;178;54.4;28;971598;7111;136.6;VALID
328;85;True;199;179;54.6;28;976482;7136;136.8;VALID
329;87;True;200;180;54.7;28;981873;7165;137.0;VALID
330;0;False;200;180;54.5;28;981873;7165;137.0;LMM
331;85;True;201;181;54.7;28;987260;7165;137.8;VALID
332;0;False;201;181;54.5;28;987260;7165;137.8;LMM
333;88;True;202;182;54.7;28;992637;7189;138.1;VALID
334;75;False;202;182;54.5;28;992637;7189;138.1;SCORE
335;87;True;203;183;54.6;28;998122;7219;138.3;VALID
336;0;False;203;183;54.5;28;998122;7219;138.3;LMM
337;86;True;204;184;54.6;28;1003589;7248;138.5;VALID
338;85;True;205;185;54.7;28;1009000;7248;139.2;VALID
339;88;True;206;186;54.9;28;1014992;7276;139.5;VALID
340;90;True;207;187;55.0;28;1020495;7276;140.3;VALID
341;0;False;207;187;54.8;28;1020495;7276;140.3;LMM
342;0;False;207;187;54.7;28;1020495;7276;140.3;LMM
343;93;True;208;188;54.8;29;1025831;7302;140.5;VALID
344;83;False;208;188;54.7;29;1025831;7302;140.5;SCORE
345;0;False;208;188;54.5;29;1025831;7302;140.5;LMM
346;85;True;209;189;54.6;29;1031114;7302;141.2;VALID
347;90;True;210;190;54.8;29;1036337;7358;140.8;VALID
348;87;True;211;191;54.9;29;1041989;7358;141.6;VALID
349;87;True;212;192;55.0;29;1047648;7358;142.4;VALID
350;85;True;213;193;55.1;29;1053516;7382;142.7;VALID
351;85;True;214;194;55.3;29;1059083;7382;143.5;VALID
352;90;True;215;195;55.4;29;1064477;7409;143.7;VALID
353;90;True;216;196;55.5;29;1069971;7426;144.1;VALID
354;95;True;217;197;55.6;30;1074785;7426;144.7;VALID
355;0;False;217;197;55.5;30;1074785;7426;144.7;LMM
356;90;True;218;198;55.6;30;1080290;7426;145.5;VALID
357;0;False;218;198;55.5;30;1080290;7426;145.5;LMM
358;92;True;219;199;55.6;31;1086538;7490;145.1;VALID
359;85;True;220;200;55.7;31;1092286;7524;145.2;VALID
360;95;True;221;201;55.8;32;1097785;7524;145.9;VALID
361;85;True;222;202;56.0;32;1103871;7541;146.4;VALID
362;0;False;222;202;55.8;32;1103871;7541;146.4;LMM
363;93;True;223;203;55.9;33;1109587;7541;147.1;VALID
364;0;False;223;203;55.8;33;1109587;7541;147.1;LMM
365;85;True;224;204;55.9;33;1115146;7600;146.7;VALID
366;85;True;225;205;56.0;33;1120315;7622;147.0;VALID
367;87;True;226;206;56.1;33;1126256;7642;147.4;VALID
368;85;True;227;207;56.2;33;1131784;7642;148.1;VALID
369;82;False;227;207;56.1;33;1131784;7642;148.1;SCORE
370;90;True;228;208;56.2;33;1137422;7642;148.8;VALID
371;85;True;229;209;56.3;33;1142692;7642;149.5;VALID
372;88;True;230;210;56.5;33;1148672;7691;149.4;VALID
373;80;False;230;210;56.3;33;1148672;7691;149.4;SCORE
374;0;False;230;210;56.1;33;1148672;7691;149.4;LMM
375;86;True;231;211;56.3;33;1154730;7691;150.1;VALID
376;88;True;232;212;56.4;33;1160188;7691;150.9;VALID
377;87;True;233;213;56.5;33;1165475;7691;151.5;VALID
378;87;True;234;214;56.6;33;1170701;7766;150.7;VALID
379;0;False;234;214;56.5;33;1170701;7766;150.7;LMM
380;0;False;234;214;56.3;33;1170701;7766;150.7;LMM
381;86;True;235;215;56.4;33;1175764;7841;150.0;VALID
382;0;False;235;215;56.3;33;1175764;7841;150.0;LMM
383;92;True;236;216;56.4;34;1181617;7841;150.7;VALID
384;92;True;237;217;56.5;35;1187361;7873;150.8;VALID
385;88;True;238;218;56.6;35;1192539;7980;149.4;VALID
386;90;True;239;219;56.7;35;1197718;7980;150.1;VALID
387;90;True;240;220;56.8;35;1203580;8038;149.7;VALID
388;82;False;240;220;56.7;35;1203580;8038;149.7;SCORE
389;95;True;241;221;56.8;36;1209155;8064;149.9;VALID
390;87;True;242;222;56.9;36;1214673;8109;149.8;VALID
391;86;True;243;223;57.0;36;1219851;8141;149.8;VALID
392;85;True;244;224;57.1;36;1226175;8141;150.6;VALID
393;88;True;245;225;57.3;36;1231576;8141;151.3;VALID
394;0;False;245;225;57.1;36;1231576;8141;151.3;LMM
395;95;True;246;226;57.2;37;1237512;8141;152.0;VALID
396;0;False;246;226;57.1;37;1237512;8141;152.0;LMM
397;92;True;247;227;57.2;38;1242996;8141;152.7;VALID
398;95;True;248;228;57.3;39;1248862;8200;152.3;VALID
399;88;True;249;229;57.4;39;1254393;8200;153.0;VALID
400;85;True;250;230;57.5;39;1260127;8200;153.7;VALID
401;87;True;251;231;57.6;39;1265777;8273;153.0;VALID
402;88;True;252;232;57.7;39;1271709;8273;153.7;VALID
403;88;True;253;233;57.8;39;1277764;8306;153.8;VALID
404;0;False;253;233;57.7;39;1277764;8306;153.8;LMM
405;92;True;254;234;57.8;40;1282971;8326;154.1;VALID
406;0;False;254;234;57.6;40;1282971;8326;154.1;LMM
407;88;True;255;235;57.7;40;1288627;8341;154.5;VALID
408;85;True;256;236;57.8;40;1294759;8341;155.2;VALID
409;87;True;257;237;57.9;40;1300530;8341;155.9;VALID
410;90;True;258;238;58.0;40;1306269;8341;156.6;VALID
411;75;False;258;238;57.9;40;1306269;8341;156.6;SCORE
412;87;True;259;239;58.0;40;1312055;8370;156.8;VALID
413;95;True;260;240;58.1;41;1317447;8380;157.2;VALID
414;85;True;261;241;58.2;41;1323422;8380;157.9;VALID
415;89;True;262;242;58.3;41;1328833;8399;158.2;VALID
416;90;True;263;243;58.4;41;1334817;8448;158.0;VALID
417;82;False;263;243;58.3;41;1334817;8448;158.0;SCORE
418;85;True;264;244;58.4;41;1340694;8448;158.7;VALID
419;92;True;265;245;58.5;42;1345788;8448;159.3;VALID
420;0;False;265;245;58.3;42;1345788;8448;159.3;LMM
421;85;True;266;246;58.4;42;1352060;8471;159.6;VALID
422;95;True;267;247;58.5;43;1357566;8519;159.4;VALID
423;0;False;267;247;58.4;43;1357566;8519;159.4;LMM
424;88;True;268;248;58.5;43;1362715;8519;160.0;VALID
425;88;True;269;249;58.6;43;1368622;8519;160.7;VALID
426;85;True;270;250;58.7;43;1373917;8555;160.6;VALID
427;92;True;271;251;58.8;44;1379370;8615;160.1;VALID
428;85;True;272;252;58.9;44;1385311;8639;160.4;VALID
429;90;True;273;253;59.0;44;1391292;8666;160.5;VALID
430;87;True;274;254;59.1;44;1397178;8703;160.5;VALID
431;88;True;275;255;59.2;44;1402737;8717;160.9;VALID
432;90;True;276;256;59.3;44;1407901;8779;160.4;VALID
433;85;True;277;257;59.4;44;1413441;8779;161.0;VALID
434;85;True;278;258;59.4;44;1419100;8823;160.8;VALID
435;85;True;279;259;59.5;44;1424905;8840;161.2;VALID
436;80;False;279;259;59.4;44;1424905;8840;161.2;SCORE
437;0;False;279;259;59.3;44;1424905;8840;161.2;LMM
438;0;False;279;259;59.1;44;1424905;8840;161.2;LMM
439;93;True;280;260;59.2;45;1430205;8854;161.5;VALID
440;93;True;281;261;59.3;46;1435785;8869;161.9;VALID
441;90;True;282;262;59.4;46;1441426;8885;162.2;VALID
442;93;True;283;263;59.5;47;1447409;8885;162.9;VALID
443;88;True;284;264;59.6;47;1452782;8885;163.5;VALID
444;85;True;285;265;59.7;47;1458026;8897;163.9;VALID
445;85;True;286;266;59.8;47;1463481;8897;164.5;VALID
446;85;True;287;267;59.9;47;1469569;8922;164.7;VALID
447;82;False;287;267;59.7;47;1469569;8922;164.7;SCORE
448;0;False;287;267;59.6;47;1469569;8922;164.7;LMM
449;85;True;288;268;59.7;47;1475609;8922;165.4;VALID
450;85;True;289;269;59.8;47;1481002;8938;165.7;VALID
451;85;True;290;270;59.9;47;1486639;8938;166.3;VALID
452;0;False;290;270;59.7;47;1486639;8938;166.3;LMM
453;0;False;290;270;59.6;47;1486639;8938;166.3;LMM
454;88;True;291;271;59.7;47;1492558;9009;165.7;VALID
455;0;False;291;271;59.6;47;1492558;9009;165.7;LMM
456;0;False;291;271;59.4;47;1492558;9009;165.7;LMM
457;90;True;292;272;59.5;47;1498155;9009;166.3;VALID
458;88;True;293;273;59.6;47;1503588;9009;166.9;VALID
459;85;True;294;274;59.7;47;1509111;9042;166.9;VALID
460;0;False;294;274;59.6;47;1509111;9042;166.9;LMM
461;85;True;295;275;59.7;47;1514445;9053;167.3;VALID
462;90;True;296;276;59.7;47;1519812;9063;167.7;VALID
463;85;True;297;277;59.8;47;1524719;9063;168.2;VALID
464;0;False;297;277;59.7;47;1524719;9063;168.2;LMM
465;0;False;297;277;59.6;47;1524719;9063;168.2;LMM
466;80;False;297;277;59.4;47;1524719;9063;168.2;SCORE
467;85;True;298;278;59.5;47;1530102;9063;168.8;VALID
468;95;True;299;279;59.6;48;1535603;9063;169.4;VALID
469;88;True;300;280;59.7;48;1541087;9063;170.0;VALID
470;0;False;300;280;59.6;48;1541087;9063;170.0;LMM
471;0;False;300;280;59.4;48;1541087;9063;170.0;LMM
472;85;True;301;281;59.5;48;1546765;9063;170.7;VALID
473;87;True;302;282;59.6;48;1552802;9122;170.2;VALID
474;87;True;303;283;59.7;48;1558643;9146;170.4;VALID
475;88;True;304;284;59.8;48;1564492;9146;171.1;VALID
476;85;True;305;285;59.9;48;1569836;9180;171.0;VALID
477;95;True;306;286;60.0;49;1575793;9180;171.7;VALID
478;88;True;307;287;60.0;49;1581505;9233;171.3;VALID
479;85;True;308;288;60.1;49;1586994;9264;171.3;VALID
480;85;True;309;289;60.2;49;1592858;9281;171.6;VALID
481;85;True;310;290;60.3;49;1598408;9281;172.2;VALID
482;0;False;310;290;60.2;49;1598408;9281;172.2;LMM
483;87;True;311;291;60.2;49;1604206;9332;171.9;VALID
484;95;True;312;292;60.3;50;1609849;9355;172.1;VALID
485;87;True;313;293;60.4;50;1615270;9400;171.8;VALID
486;88;True;314;294;60.5;50;1620219;9400;172.4;VALID
487;95;True;315;295;60.6;51;1625003;9445;172.0;VALID
488;85;True;316;296;60.7;51;1630722;9474;172.1;VALID
489;92;True;317;297;60.7;52;1636436;9474;172.7;VALID
490;80;False;317;297;60.6;52;1636436;9474;172.7;SCORE
491;85;True;318;298;60.7;52;1642157;9474;173.3;VALID
492;85;True;319;299;60.8;52;1647901;9517;173.2;VALID
493;90;True;320;300;60.9;52;1652563;9568;172.7;VALID
494;85;True;321;301;60.9;52;1657975;9575;173.2;VALID
495;85;True;322;302;61.0;52;1663720;9575;173.8;VALID
496;0;False;322;302;60.9;52;1663720;9575;173.8;LMM
497;85;True;323;303;61.0;52;1669552;9575;174.4;VALID
498;88;True;324;304;61.0;52;1674894;9575;174.9;VALID
499;82;False;324;304;60.9;52;1674894;9575;174.9;SCORE
500;0;False;324;304;60.8;52;1674894;9575;174.9;LMM
501;0;False;324;304;60.7;52;1674894;9575;174.9;LMM
502;85;True;325;305;60.8;52;1680547;9614;174.8;VALID
503;92;True;326;306;60.8;53;1686628;9673;174.4;VALID
504;85;True;327;307;60.9;53;1692196;9696;174.5;VALID
505;0;False;327;307;60.8;53;1692196;9696;174.5;LMM
506;90;True;328;308;60.9;53;1697277;9717;174.7;VALID
507;85;True;329;309;60.9;53;1702483;9760;174.4;VALID
508;85;True;330;310;61.0;53;1708255;9790;174.5;VALID
509;88;True;331;311;61.1;53;1713924;9790;175.1;VALID
510;90;True;332;312;61.2;53;1719542;9790;175.6;VALID
511;85;True;333;313;61.3;53;1725677;9822;175.7;VALID
512;85;True;334;314;61.3;53;1731209;9835;176.0;VALID
513;85;True;335;315;61.4;53;1736708;9845;176.4;VALID
514;95;True;336;316;61.5;54;1742361;9845;177.0;VALID
515;85;True;337;317;61.6;54;1747505;9887;176.7;VALID
516;88;True;338;318;61.6;54;1753201;9915;176.8;VALID
517;88;True;339;319;61.7;54;1758731;9915;177.4;VALID
518;0;False;339;319;61.6;54;1758731;9915;177.4;LMM
519;90;True;340;320;61.7;54;1764289;9915;177.9;VALID
520;90;True;341;321;61.7;54;1769710;9915;178.5;VALID
521;0;False;341;321;61.6;54;1769710;9915;178.5;LMM
522;85;True;342;322;61.7;54;1774889;9940;178.6;VALID
523;0;False;342;322;61.6;54;1774889;9940;178.6;LMM
524;87;True;343;323;61.6;54;1780541;9956;178.8;VALID
525;87;True;344;324;61.7;54;1785844;9956;179.4;VALID
526;82;False;344;324;61.6;54;1785844;9956;179.4;SCORE
527;87;True;345;325;61.7;54;1791162;9998;179.2;VALID
528;82;False;345;325;61.6;54;1791162;9998;179.2;SCORE
529;85;True;346;326;61.6;54;1796229;10002;179.6;VALID
530;85;True;347;327;61.7;54;1802103;10002;180.2;VALID
531;90;True;348;328;61.8;54;1807886;10045;180.0;VALID
532;89;True;349;329;61.8;54;1813900;10045;180.6;VALID
533;85;True;350;330;61.9;54;1819281;10056;180.9;VALID
534;85;True;351;331;62.0;54;1824789;10056;181.5;VALID
535;85;True;352;332;62.1;54;1829998;10062;181.9;VALID
536;87;True;353;333;62.1;54;1835626;10100;181.7;VALID
537;85;True;354;334;62.2;54;1840342;10109;182.0;VALID
538;90;True;355;335;62.3;54;1845869;10112;182.5;VALID
539;0;False;355;335;62.2;54;1845869;10112;182.5;LMM
540;85;True;356;336;62.2;54;1851041;10136;182.6;VALID
541;89;True;357;337;62.3;54;1856534;10136;183.2;VALID
542;90;True;358;338;62.4;54;1861737;10136;183.7;VALID
543;92;True;359;339;62.4;55;1867786;10156;183.9;VALID
544;85;True;360;340;62.5;55;1873462;10156;184.5;VALID
545;85;True;361;341;62.6;55;1879294;10169;184.8;VALID
546;85;True;362;342;62.6;55;1884971;10169;185.4;VALID
547;88;True;363;343;62.7;55;1890993;10218;185.1;VALID
548;84;False;363;343;62.6;55;1890993;10218;185.1;SCORE
549;85;True;364;344;62.7;55;1896420;10228;185.4;VALID
550;85;True;365;345;62.7;55;1901424;10228;185.9;VALID
